0 2.70536413977
10 5.55102011846
20 6.31416528337
30 7.2246653095
40 7.61413026072
50 8.55416532499
60 9.13502696298
70 9.34544169317
80 9.74264670788
90 10.137123965
100 10.6807241792
110 11.0635974661
120 11.476652924
130 11.6511724907
140 11.8043593083
150 12.1969875796
160 12.3574322183
170 12.6161912548
180 12.996712015
190 13.3728635925
200 13.5929120939
210 13.7540077668
220 13.9111928622
230 14.1886175561
240 14.2907460665
250 14.4490930952
260 14.636305474
270 14.7582816416
280 14.875765168
290 15.0701766306
300 15.2385999601
310 15.509175074
320 15.6591837546
330 15.8899817208
340 16.1158515114
350 16.3643260758
360 16.4698331728
370 16.5934169192
380 16.7707516841
390 17.0232795402
400 17.2354637891
410 17.352655713
420 17.4354688459
430 17.5470418008
440 17.6721561673
450 17.8056084663
460 17.9303301758
470 18.1053939869
480 18.2788365972
490 18.398040239
500 18.5281027609
510 18.7309024224
520 18.7761756522
530 18.937144657
540 19.0246629962
550 19.1198099138
560 19.2043987171
570 19.3290441423
580 19.5503933521
590 19.6319378894
600 19.7329428987
610 19.7867039002
620 19.9062029231
630 19.9851420547
640 20.1241586105
650 20.2600037284
660 20.3873962462
670 20.5420295964
680 20.5668328415
690 20.7222885025
700 20.7910116896
710 20.8453477302
720 20.897460731
730 20.9918689297
740 21.098468876
750 21.229846782
760 21.2704678422
770 21.3954896819
780 21.5484651419
790 21.649995244
800 21.7773667858
810 21.8748257003
820 21.8981857715
830 21.9521100152
840 22.0267659965
850 22.1284158026
860 22.2634034202
870 22.4338181795
880 22.5285247885
890 22.6013524681
900 22.7409604064
910 22.8638187216
920 22.9088645818
930 23.0597791444
940 23.1618732058
950 23.2537058779
960 23.3126376296
970 23.4311793428
980 23.529354521
990 23.5802214899
1000 23.6503587739
1010 23.8247143808
1020 23.9209817079
1030 23.973991924
1040 24.1376450006
1050 24.2021680507
1060 24.2549672882
1070 24.3367114336
1080 24.3815361145
1090 24.4458557932
1100 24.5591308065
1110 24.6346451394
1120 24.7101443393
1130 24.7867373126
1140 24.8366022854
1150 24.8964974385
1160 24.9984918357
1170 25.0370075353
1180 25.0909022206
1190 25.1519931919
1200 25.2442222836
1210 25.3066802035
1220 25.3778772475
1230 25.5183511038
1240 25.6427825351
1250 25.7133709799
1260 25.8113610638
1270 25.8634922458
1280 25.9001713337
1290 25.989285956
1300 26.033711739
1310 26.1168582286
1320 26.2075675731
1330 26.2866142539
1340 26.3435393413
1350 26.4025325463
1360 26.4804362991
1370 26.5564932685
1380 26.6553122614
1390 26.7306591035
1400 26.7951197383
1410 26.8463868729
1420 26.900905128
1430 26.976150618
1440 27.0457353394
1450 27.1628712633
1460 27.20847256
1470 27.2932242603
1480 27.3309644417
1490 27.4083203456
1500 27.4415108367
1510 27.4801735099
1520 27.5255612527
1530 27.5533556437
1540 27.5958673656
1550 27.7070636355
1560 27.7680214149
1570 27.8539847987
1580 27.9161665161
1590 27.9541551814
1600 27.9986746647
1610 28.0278972949
1620 28.0845348273
1630 28.1545164625
1640 28.2046365747
1650 28.3031310348
1660 28.3627869982
1670 28.409087373
1680 28.4558794558
1690 28.5108969857
1700 28.5783602355
1710 28.6452131621
1720 28.6928920655
1730 28.8003900767
1740 28.838709951
1750 28.869690871
1760 28.9320011159
1770 28.9777269827
1780 29.0041870804
1790 29.082523097
1800 29.1610817592
1810 29.2121207201
1820 29.2536302298
1830 29.2852362088
1840 29.3570004685
1850 29.401698758
1860 29.4839594202
1870 29.5638730849
1880 29.6053599394
1890 29.6581648818
1900 29.6925497987
1910 29.7246388887
1920 29.7785536427
1930 29.8807767566
1940 29.9692655119
1950 30.024173361
1960 30.0662699626
1970 30.0940070141
1980 30.1470242213
1990 30.2430091005
2000 30.3013231156
2010 30.3485441472
2020 30.3912689616
2030 30.4227323436
2040 30.4652391041
2050 30.5119716752
2060 30.5591494753
2070 30.5829579327
2080 30.6356912452
2090 30.6792972171
2100 30.7460886072
2110 30.7848603652
2120 30.8442980257
2130 30.9094420787
2140 30.9388134297
2150 31.0027254509
2160 31.072611093
2170 31.1384152194
2180 31.1997222198
2190 31.2424261561
2200 31.2877597214
2210 31.3424599285
2220 31.3969455659
2230 31.4450983161
2240 31.499910002
2250 31.5630297669
2260 31.6114567451
2270 31.6434282381
2280 31.6903867282
2290 31.7610235493
2300 31.8246631795
2310 31.8588522457
2320 31.8806814091
2330 31.9228419367
2340 31.9719386555
2350 32.0258052639
2360 32.103820354
2370 32.1414012815
2380 32.1769972644
2390 32.2044460038
2400 32.251432907
2410 32.3008454319
2420 32.339039243
2430 32.3842146143
2440 32.4420806894
2450 32.498427613
2460 32.5461127961
2470 32.5906973702
2480 32.6551778999
2490 32.6758782663
2500 32.7022005349
2510 32.7479083872
2520 32.7882597961
2530 32.8323697013
2540 32.880473002
2550 32.9340149045
2560 32.9635892488
2570 32.999774986
2580 33.0646403952
2590 33.1240551966
2600 33.1559880657
2610 33.1814080702
2620 33.2633233828
2630 33.3172295829
2640 33.3365863706
2650 33.372165598
2660 33.4005638625
2670 33.4444638288
2680 33.4685325051
2690 33.5064222692
2700 33.5415180737
2710 33.5668347942
2720 33.6016892329
2730 33.6216446903
2740 33.6476667274
2750 33.6722582065
2760 33.7093880725
2770 33.7474687262
2780 33.7821980718
2790 33.8321587756
