1 2.171373761691663 2.171373761691663
2 0.11232288643797395 2.283696648129637
3 0.19145165510976137 2.4751483032393984
4 1.0124357943939015 3.4875840976332997
5 1.0344382077294578 4.522022305362757
6 0.019211415563052246 4.541233720925809
7 0.06503501019245679 4.6062687311182655
8 1.7948705825205507 6.401139313638816
9 0.04229856473340695 6.443437878372223
10 1.2219260603636197 7.665363938735843
11 2.024970703482978 9.69033464221882
12 0.0005380089658666373 9.690872651184687
13 3.187216867403298 12.878089518587984
14 1.783621907615125 14.661711426203109
15 1.6048698702611586 16.266581296464267
16 1.2470788826952557 17.513660179159523
17 0.09197878002259753 17.60563895918212
18 0.5574113015900432 18.163050260772163
19 0.01806324864967163 18.181113509421834
20 2.546354896429241 20.727468405851077
21 2.812494682527601 23.539963088378677
22 0.5644646919546891 24.104427780333367
23 0.012285399582202572 24.11671317991557
24 1.3589882785198748 25.475701458435445
25 0.7420588450259099 26.217760303461354
26 0.7521462137005421 26.969906517161895
27 2.291934924810189 29.261841441972084
28 0.7366189342173363 29.99846037618942
29 1.475147483620193 31.473607859809615
30 1.1022555598821997 32.575863419691814
31 1.5472240432729842 34.1230874629648
32 0.04736256117677135 34.170450024141566
33 0.4042038294638039 34.57465385360537
34 2.2938986346878214 36.86855248829319
35 1.6336956475576043 38.50224813585079
36 2.9843001443454935 41.48654828019629
37 2.772908411089101 44.259456691285386
38 1.7649994525000428 46.02445614378543
39 0.09422876514359747 46.118684908929026
40 1.5438177698286324 47.66250267875766
41 0.0008399111676307603 47.66334258992529
42 3.1499613831237974 50.81330397304909
43 0.5951752782683402 51.40847925131743
44 0.00027688488385763994 51.40875613620129
45 0.9810216958715597 52.38977783207285
46 0.9137806539057558 53.303558485978606
47 2.070367031104162 55.37392551708277
48 0.00017759166195028953 55.37410310874472
49 2.8214790966716383 58.19558220541636
50 0.26389809851464957 58.45948030393101
51 1.6605588591534202 60.12003916308443
52 1.7655508656109133 61.88559002869534
53 1.5223567233908004 63.40794675208614
54 0.32638175813507353 63.73432851022121
55 2.5906538084747495 66.32498231869596
56 1.889076810678992 68.21405912937495
57 2.7219786157539625 70.93603774512891
58 2.4429773790174987 73.3790151241464
59 0.9398188646600034 74.3188339888064
60 1.6579611579282054 75.9767951467346
61 0.6856907867122561 76.66248593344686
62 1.5513768548435967 78.21386278829046
63 2.104174320091198 80.31803710838166
64 1.0434293941220265 81.36146650250369
65 0.002078428218466996 81.36354493072216
66 2.486156739446299 83.84970167016846
67 0.4234870817935392 84.273188751962
68 0.08202614367586555 84.35521489563786
69 0.45346616446623045 84.80868106010409
70 0.32621315202372353 85.13489421212782
71 0.16180763100746634 85.29670184313528
72 0.3076048863246809 85.60430672945996
73 0.0011620308715925179 85.60546876033156
74 0.043861593648829494 85.64933035398039
75 0.2882669468283983 85.93759730080879
76 2.3578674141216824 88.29546471493047
77 0.4543924973205501 88.74985721225103
78 0.17407871319280682 88.92393592544384
79 0.6356218270942244 89.55955775253807
80 1.735384730370587 91.29494248290865
81 0.9413935616901479 92.2363360445988
82 3.4419526289485862 95.67828867354739
83 1.6049309340474924 97.28321960759487
84 1.886248391987731 99.16946799958261
85 1.975102123060826 101.14457012264343
86 2.2055318632508367 103.35010198589427
87 1.9035489260280718 105.25365091192234
88 2.411101606104862 107.6647525180272
89 3.0683640596791717 110.73311657770637
90 0.5002476235646246 111.23336420127099
91 2.0951665644733626 113.32853076574435
92 1.3917897667887989e-05 113.32854468364201
93 0.010961677853513407 113.33950636149552
94 2.1135274194081264 115.45303378090365
95 0.07508900456600258 115.52812278546965
96 0.9626235892059887 116.49074637467564
97 0.6277851853707155 117.11853156004635
98 3.578194465024182 120.69672602507053
99 0.2777978979262732 120.97452392299681
100 3.040633270894122 124.01515719389093
101 3.4144060789805013 127.42956327287143
102 2.7887768702694555 130.2183401431409
103 1.3073211186471696 131.52566126178806
104 0.3646767483898141 131.89033801017789
105 2.0227991930499334 133.91313720322782
106 1.540636757920199 135.45377396114802
107 2.4426034161683 137.89637737731633
108 1.4224240211078667 139.3188013984242
109 2.2266563109586857 141.54545770938287
110 3.2261220365106262 144.7715797458935
111 2.8414106386232877e-07 144.77158003003456
112 3.338829298327813 148.11040932836238
113 0.2764108476419838 148.38682017600436
114 3.013762389213576 151.40058256521795
115 3.5147821646943758 154.9153647299123
116 1.7747507023721636 156.69011543228447
117 0.9410539603737162 157.6311693926582
118 0.2028111482384473 157.83398054089665
119 1.5655742548816138 159.39955479577827
120 1.6412381817231823 161.04079297750147
121 2.890400073231203 163.93119305073267
122 2.503095139146477 166.43428818987914
123 2.344907481100189 168.77919567097933
124 1.9964882881037644 170.7756839590831
125 1.505859022025265 172.28154298110837
126 2.8529749625001783 175.13451794360856
127 2.0737042157466155 177.20822215935516
128 1.3766333259534393 178.5848554853086
129 0.0006053569773613811 178.58546084228595
130 0.7411326957241805 179.32659353801014
131 0.09590594416705268 179.4224994821772
132 1.9266620937216055 181.3491615758988
133 0.8199915823636811 182.16915315826247
134 2.637421841560411 184.80657499982289
135 0.02401801215189594 184.83059301197477
136 3.4088334934185456 188.2394265053933
137 2.660228613146456 190.89965511853975
138 2.3168409202373517 193.2164960387771
139 3.349415093206208 196.5659111319833
140 3.4474923827323556 200.01340351471566
141 1.7870827248949757 201.80048623961065
142 3.4704237093050905 205.27090994891574
143 0.2826427865830367 205.55355273549878
144 2.8890866723956723 208.44263940789446
145 2.192916723041932 210.63555613093638
146 3.5054687392135815 214.14102487014995
147 0.0013388501107136706 214.14236372026068
148 1.6974024451236742 215.83976616538436
149 0.19032990083561185 216.03009606621998
150 3.5875379566994345 219.61763402291942
151 0.11598082467969047 219.7336148475991
152 3.3349534715017737 223.06856831910088
153 0.8298489705112583 223.89841728961213
154 0.10100078647079709 223.99941807608292
155 2.9172437530582798 226.9166618291412
156 1.462825944202007 228.3794877733432
157 2.4066037708056 230.78609154414877
158 1.1811887259482188 231.967280270097
159 3.6018544690989276 235.56913473919593
160 2.489932944922749 238.05906768411867
161 0.32413079429740627 238.3831984784161
162 1.5692106507886125 239.9524091292047
163 0.9388379411462192 240.89124707035094
164 0.4363124638919125 241.32755953424285
165 0.055839878014332024 241.38339941225718
166 3.28161128104564 244.6650106933028
167 1.6804900427723908 246.3455007360752
168 0.04744566988846608 246.39294640596367
169 2.043177478507991 248.43612388447167
170 1.4882012109965235 249.9243250954682
171 2.042718285817267 251.96704338128546
172 0.5094598184768275 252.4765031997623
173 2.9276021503341347 255.40410535009644
174 2.029145175476562 257.433250525573
175 1.8187022244461408 259.25195275001914
176 3.484166313036915 262.73611906305604
177 0.0022658319394134653 262.7383848949955
178 3.052382998804039 265.7907678937995
179 0.6796207558762034 266.4703886496757
180 3.362512094667903 269.83290074434365
181 0.0784332231303717 269.91133396747404
182 2.303650866400282 272.2149848338743
183 0.2403555443483162 272.4553403782226
184 0.19367978495255628 272.6490201631752
185 3.0773982024753295 275.7264183656505
186 1.78062824445387 277.50704661010434
187 2.600977059273114 280.1080236693775
188 2.907358043667414 283.01538171304486
189 0.6880542936270372 283.7034360066719
190 0.7690622044323653 284.47249821110427
191 1.1703979245913494 285.6428961356956
192 3.584897635875081 289.2277937715707
193 1.875937108161826 291.10373087973255
194 1.3771254846004812 292.480856364333
195 3.275767494506547 295.7566238588396
196 0.7793459275346537 296.53596978637427
197 2.6079636860740507 299.14393347244834
198 2.772801953141695 301.91673542559005
199 0.814658301847587 302.73139372743765
