1 7.4685713735271 7.4685713735271
2 0.02200141416398406 7.490572787691084
3 0.03500493584044107 7.5255777235315255
4 0.3936991391565127 7.919276862688038
5 7.22017329934496e-05 7.919349064421032
6 3.550276367735276e-07 7.919349419448668
7 0.017595229631779445 7.936944649080448
8 0.0018331369801057606 7.9387777860605535
9 7.165602665088017e-06 7.9387849516632185
10 0.012878441751548845 7.951663393414767
11 1.9437827657032258e-06 7.951665337197533
12 0.00804927791731463 7.959714615114848
13 2.510045231585869e-05 7.959739715567164
14 0.001583967187158785 7.961323682754323
15 0.04724550027061541 8.008569183024939
16 0.0005253324584872479 8.009094515483426
17 7.456048358688498e-06 8.009101971531784
18 2.9617730597407033e-07 8.00910226770909
19 1.3226409202808206e-05 8.009115494118294
20 6.376114073807125e-08 8.009115557879435
21 0.00014430731596795017 8.009259865195403
22 1.1222114772472559e-05 8.009271087310175
23 1.5637499248928668e-10 8.00927108746655
24 9.715638437036855e-08 8.009271184622934
25 2.9983061280229884e-06 8.009274182929062
26 7.531124427659862e-12 8.009274182936593
27 5.14052647183385e-07 8.009274696989241
28 4.7082303953116186e-08 8.009274744071545
29 0.00016614362770137414 8.009440887699247
30 1.5201576200752365e-10 8.009440887851262
31 0.0001079610223370562 8.0095488488736
32 0.00010389139212130492 8.009652740265722
33 2.3922561414565207e-09 8.009652742657977
34 2.308584450313776e-07 8.009652973516422
35 1.9419715866811044e-08 8.009652992936138
36 3.3594084595114447e-06 8.009656352344598
37 5.474139676585638e-12 8.009656352350072
38 1.171468985487374e-10 8.00965635246722
39 1.3368619493161043e-10 8.009656352600906
40 9.965456528206739e-17 8.009656352600906
41 3.522484214651568e-05 8.009691577443053
42 0.007999673193175214 8.01769125063623
43 3.038180995658965e-13 8.017691250636533
44 1.8751028567328076e-08 8.017691269387562
45 2.6650062186643638e-11 8.017691269414213
46 4.392361731165116e-07 8.017691708650386
47 0.005208032652310159 8.022899741302696
48 1.2302514133751989e-05 8.02291204381683
49 3.1097990801068493e-06 8.02291515361591
50 0.0013340388238592855 8.02424919243977
51 1.1791755163995175e-05 8.024260984194933
52 0.002333465892405488 8.02659445008734
53 2.6601427269559904e-07 8.026594716101611
54 0.002124602603259225 8.028719318704871
55 2.1394350432754158e-07 8.028719532648376
56 2.410394388758555e-09 8.02871953505877
57 1.1683336151025008e-11 8.028719535070453
58 4.755108811026025e-09 8.02871953982556
59 1.6163446906766166e-07 8.02871970146003
60 2.0628838702098907e-08 8.02871972208887
61 2.098904448575775e-07 8.028719931979314
62 3.33384086591564e-05 8.028753270387973
63 3.830394375336908e-08 8.028753308691917
64 1.1407358989567404e-09 8.028753309832652
65 1.3480223662279903e-10 8.028753309967454
66 6.020049707528337e-10 8.02875331056946
67 2.7793878256907916e-13 8.028753310569737
68 2.569042865837221e-12 8.028753310572306
69 4.212089184496068e-08 8.028753352693197
70 3.5943973972309748e-09 8.028753356287595
71 1.143904098457145e-08 8.028753367726637
72 1.0199914748136053e-13 8.028753367726738
73 1.3330359463702029e-12 8.02875336772807
74 2.135706002769481e-06 8.028755503434073
75 9.27282707925109e-12 8.028755503443346
76 2.2200054748323926e-07 8.028755725443894
77 2.2273162796494385e-08 8.028755747717057
78 3.709530042444941e-09 8.028755751426587
79 1.0569559290942726e-07 8.02875585712218
80 2.307810393222033e-05 8.028778935226113
81 1.0989351896821722e-10 8.028778935336007
82 1.9267417316315685e-06 8.028780862077738
83 9.030441268430302e-09 8.028780871108179
84 1.2131943963874457e-06 8.028782084302575
85 6.431284555176583e-09 8.02878209073386
86 8.447699401244503e-14 8.028782090733944
87 6.609546355726672e-07 8.02878275168858
88 9.990248206130801e-12 8.02878275169857
89 1.9353418376108453e-07 8.028782945232754
90 1.3955339396256368e-05 8.02879690057215
91 6.620370529961724e-05 8.02886310427745
92 1.0424819652422109e-06 8.028864146759416
93 1.3011489022085193e-06 8.028865447908318
94 4.941938922822337e-09 8.028865452850257
95 2.429557567386754e-08 8.028865477145832
96 3.0385403513670786e-08 8.028865507531235
97 1.2503746459373872e-06 8.028866757905881
98 4.670477117247804e-10 8.028866758372928
99 1.2368180523234126e-10 8.02886675849661
100 3.168051975404577e-12 8.028866758499777
101 1.0565188508016975e-12 8.028866758500834
102 2.0321421979552584e-06 8.028868790643033
103 1.7328673426646518e-13 8.028868790643207
104 2.214859279717788e-07 8.028869012129135
105 0.0001567299770884097 8.029025742106224
106 1.1045912359860161e-08 8.029025753152137
107 2.612791500481092e-07 8.029026014431286
108 2.409642874639513e-12 8.029026014433697
109 7.010440551632303e-05 8.029096118839213
110 8.550609013404329e-09 8.029096127389822
111 1.7388631315329387e-06 8.029097866252954
112 5.695120656193474e-11 8.029097866309906
113 8.344763638200479e-15 8.029097866309915
114 1.3848822470704153e-09 8.029097867694796
115 6.960049640207473e-06 8.029104827744437
116 6.801307255795315e-12 8.029104827751238
117 0.00019560694703206748 8.029300434698271
118 9.085155098506295e-11 8.029300434789123
119 2.2888941141518076e-07 8.029300663678534
120 5.311114631137306e-10 8.029300664209645
121 2.4573659285785667e-09 8.02930066666701
122 7.229527694631855e-12 8.02930066667424
123 2.0554240925015446e-07 8.02930087221665
124 7.545924163367904e-13 8.029300872217405
125 3.897359048125202e-08 8.029300911190996
126 8.46492420415485e-15 8.029300911191005
127 2.2176144725249004e-10 8.029300911412767
128 3.2737412533373916e-06 8.02930418515402
129 7.87583477048866e-09 8.029304193029855
130 5.72711813140734e-13 8.029304193030427
131 7.497617666602648e-08 8.029304268006603
132 1.0484430833386818e-06 8.029305316449687
133 2.8073989277739197e-09 8.029305319257086
134 1.4086571220575652e-09 8.029305320665742
135 9.428645782282078e-09 8.029305330094388
136 9.68350888488256e-11 8.029305330191223
137 3.206360964507032e-08 8.029305362254833
138 1.6411019354163785e-14 8.02930536225485
139 9.67520641915437e-09 8.029305371930056
140 4.206889240219317e-11 8.029305371972125
141 1.4249877169846454e-16 8.029305371972125
142 1.9014849503702046e-12 8.029305371974026
143 1.7152718150218018e-11 8.029305371991178
144 9.91299639646145e-10 8.029305372982478
145 5.97057013056534e-07 8.029305970039491
146 0.00017464307667333287 8.029480613116165
147 7.251629864355894e-07 8.029481338279151
148 1.3165464995558455e-07 8.0294814699338
149 1.845971765502351e-08 8.029481488393518
150 1.712367603115728e-11 8.029481488410642
151 3.0108079483276093e-08 8.029481518518722
152 2.486419007704917e-06 8.02948400493773
153 4.4464468024596624e-12 8.029484004942177
154 5.2720059941568725e-09 8.029484010214183
155 1.5972144879872862e-11 8.029484010230156
156 5.754693637635606e-13 8.029484010230732
157 9.757256375739967e-09 8.029484019987988
158 1.1041802986925624e-08 8.02948403102979
159 2.6291401666103498e-05 8.029510322431456
160 2.0522275096631464e-14 8.029510322431477
161 1.5167583370161293e-08 8.02951033759906
162 2.683755337238695e-07 8.029510605974593
163 1.7882141750468867e-11 8.029510605992476
164 6.077431745851952e-16 8.029510605992476
165 2.450776638518419e-10 8.029510606237553
166 1.1936390650333066e-08 8.029510618173944
167 9.341494187670622e-08 8.029510711588886
168 1.4081505781697894e-13 8.029510711589026
169 3.137421583268768e-11 8.0295107116204
170 1.7414067986260313e-08 8.029510729034468
171 5.169319802329445e-09 8.029510734203788
172 4.807644359035066e-08 8.029510782280232
173 1.8377383845353214e-08 8.029510800657615
174 4.065006083322806e-07 8.029511207158224
175 2.056186728533158e-05 8.02953176902551
176 6.1672634092109956e-09 8.029531775192774
177 1.5681717213296864e-09 8.029531776760946
178 7.44288006993015e-12 8.029531776768389
179 2.5270328838129466e-14 8.029531776768414
180 2.8052620097255183e-09 8.029531779573675
181 2.4328637797422325e-07 8.029532022860053
182 1.163641864553561e-06 8.029533186501917
183 5.232374809722038e-09 8.029533191734291
184 9.706167466861306e-07 8.029534162351037
185 1.3189231103926319e-09 8.029534163669961
186 1.2462965851932503e-07 8.029534288299619
187 5.975875338038076e-11 8.029534288359377
188 1.968017012386787e-14 8.029534288359397
189 2.2150875355765843e-10 8.029534288580905
190 2.7915099427490774e-10 8.029534288860056
191 5.58273605688141e-14 8.029534288860111
192 5.56602038494439e-09 8.029534294426131
193 8.515381019532841e-08 8.02953437957994
194 3.816706411766929e-05 8.029572546644058
195 8.309297238657623e-05 8.029655639616445
196 1.014024000112749e-12 8.02965563961746
197 1.2709326964591276e-14 8.029655639617472
198 8.745163616120767e-06 8.029664384781087
199 5.672573219936697e-12 8.02966438478676
